19456
11264
8704
12800
10752
10496
17664
9472
11520
23296
28800
18560
13440
29312
10880
8576
10624
22912
18304
10112
12160
25664
9792
11840
11072
16192
8384
11968
16064
8640
17856
15296
24608
9248
18976
14880
11808
15904
20768
22816
11040
31520
33952
15520
19104
10912
23200
11936
8608
12704
10656
9632
30112
9120
22624
14944
26208
13920
15968
21856
8416
8928
8672
19936
21472
13280
10208
16352
10256
22544
31248
16656
18704
10512
23824
10000
14096
20624
13968
24208
8592
9104
29584
12368
11344
34128
17744
9552
18256
10064
12112
14544
13520
31952
13008
18128
20176
18896
9168
12240
13360
33328
12848
10544
9520
11056
34608
18608
14512
29872
27056
9136
28592
32688
10352
13424
11376
31856
22128
34160
10096
26480
12144
16624
10480
11504
9968
18928
15856
30728
9224
13320
15880
18696
21768
29960
15624
23304
9992
16520
17544
19592
11400
15496
9864
11912
15752
11144
26504
18504
11336
19016
10824
17992
15944
13640
27976
31560
12104
24392
16584
12488
14536
30920
25800
21704
19144
10952
18120
22216
20168
11976
8648
9672
9160
14376
13352
12840
23080
28200
15912
21672
12712
29096
22952
14760
21928
15784
15272
32872
11368
29288
13928
33128
29032
21864
31592
14184
16616
8424
13544
27880
15592
14056
12008
10728
17896
11752
10216
13336
34328
22808
9496
33560
20248
16536
24728
17560
29848
25240
19096
15000
9880
13976
24216
24984
21400
26712
14424
19032
10840
12632
14680
9560
9048
21336
19288
16216
32600
12504
15576
8920
21208
10968
14040
23000
34776
12248
26680
22584
14392
10808
9784
10552
9016
16568
12472
14520
17592
17080
12984
14008
12728
10680
27064
17848
13240
10168
26744
10872
14968
9848
32376
14712
31096
13176
28536
31480
34552
16888
12792
11256
31748
18948
17924
10500
9476
11524
29444
26372
13444
14980
9860
29572
25156
10820
9540
12100
16196
32964
12484
18628
14532
25284
18116
11972
22980
17348
13252
10180
12228
25124
23076
31268
23844
27428
16164
22692
17572
19108
10916
18084
22180
20900
9124
31652
27236
14948
9572
13668
11620
23908
13156
12132
16228
15588
25316
29412
10980
26340
14052
13284
19428
10212
12260
10260
26644
13332
22036
32276
32020
18580
17556
11412
33428
25236
34452
11924
8596
10644
14740
17812
12372
29780
19028
18004
28244
20820
12628
14676
8404
20692
26836
13524
10964
18132
11988
8660
10196
12244
29748
29236
26164
30260
11828
13620
30004
9012
11060
20660
33460
31412
14004
11956
8628
10676
17844
30132
16308
18548
13940
34676
8436
18676
12020
8692
18932
15860
32244
28660
9228
19468
12812
13580
15628
14092
26764
17548
15500
25228
21132
10892
9868
8588
10636
15756
11148
18316
18508
14412
25164
10828
26188
15948
9036
19276
20300
28492
16204
8396
12492
22732
8908
25292
10956
27340
14028
28364
16076
9676
9164
13260
15308
10284
13356
31788
9772
32044
11052
26412
16556
25260
12972
22188
11948
12716
14764
15788
15276
22444
10348
15468
21100
10860
28268
15980
12652
13676
19820
13164
14188
34028
8940
28396
8684
12780
10732
11756
11244
22556
13340
29724
27676
11804
15900
9500
27420
10012
16156
11420
12700
9628
9116
16476
12380
18524
33884
11356
27740
20828
21852
33628
19292
24412
16604
22236
19420
30684
34876
33852
21564
13372
11324
27708
14908
9788
15932
13628
28860
18620
14524
30908
19644
17084
12988
10940
20924
17340
9148
21436
16508
13436
11388
23676
14716
10108
20348
12156
16636
10492
11516
9980
20220
23548
24572
32770
30722
25602
23042
16642
13570
29954
9986
16514
11394
17026
11906
8578
10626
14722
15746
21570
11330
27714
13634
15682
31554
14146
8386
28866
19650
17090
19138
10946
30402
20162
16066
10690
9154
21442
28610
32802
22562
14370
13346
12834
9506
15650
11042
10018
11426
16034
22946
18338
16482
18530
33890
17506
11362
29282
14690
19298
10082
16610
13538
18146
22242
8674
31714
30690
9234
19474
12818
15634
17170
21266
26770
29842
15506
10898
14994
9106
11154
18514
14418
15442
30290
15954
12626
14674
31058
11602
9042
21330
27474
23378
28498
32594
8914
14034
28370
10706
9682
30162
13266
10290
31794
16946
14898
9778
20786
9010
19250
27442
18226
32562
16562
18610
25778
12978
14002
10674
14770
15794
15282
34738
13426
29810
15474
21106
10866
14962
31090
13682
13170
10098
14194
12146
28530
24434
10482
21746
11506
8946
34546
20210
32498
12786
10738
11762
11250
32778
13322
31754
16906
31242
9482
23818
21258
14090
20234
11402
13962
32650
31818
19018
14922
17994
17738
9546
18250
14154
18634
13002
18890
12234
16330
31274
9514
25898
13610
23850
18218
14122
14506
25770
10922
9642
32682
10346
31850
14954
9578
23914
10090
26474
16234
25834
29418
18154
26346
12010
31210
13290
10266
26650
19482
18970
11802
32282
14106
20890
10650
14746
17818
9626
30106
33690
18330
22618
29786
15450
15962
13658
13146
27482
23386
14170
8410
21722
13530
15578
8666
9690
10202
10810
30266
11834
28218
30010
15674
19258
20282
20666
12474
33466
27322
31418
11962
8634
25018
14778
9658
30138
19898
13242
15290
10170
16314
28794
18554
10362
33914
9850
13946
18298
8442
21754
8698
18938
10746
11770
15866
25594
11270
8710
12806
11782
17670
13574
27910
15622
25350
21254
32902
21638
17030
10886
13958
8582
10630
14726
11142
31622
18310
18502
25670
9542
15686
9030
19270
20294
8390
22726
27846
14022
18886
10694
9670
21958
19910
15302
12230
24614
11814
24870
20774
10534
11046
26406
14502
25254
23206
16038
33190
10662
14758
9638
15782
15270
28774
26214
15974
12646
19814
14182
34022
17638
8934
19174
28390
8678
10726
11750
33814
29718
16918
18966
16662
17174
10006
14102
30870
32406
9110
25494
11158
18518
30806
11350
27734
34390
33622
17238
8406
31958
27094
9686
10198
34870
16950
12854
14902
15926
24886
15670
34614
24758
18614
30902
15542
11958
8630
14774
15798
28598
24694
10358
13430
11382
22134
11894
26998
14710
34166
23414
10102
14198
20342
12150
16630
10486
11510
9974
20214
24310
14838
11766
29686
10254
13326
16910
32014
25358
18574
11406
33422
17038
11918
34190
25486
14414
15438
19022
17998
28238
13646
21326
23374
22350
14158
25806
8910
8654
27086
29230
23086
9774
26158
11822
28206
13614
16558
21678
31918
12974
10926
16046
29102
9646
21934
32878
18542
33390
10862
24174
25966
23406
31598
34670
18286
8430
21742
27886
31982
14062
12782
29166
17902
32238
11246
10270
14366
25630
13342
12830
24862
23838
33566
17182
14110
20254
24734
21150
10910
13982
24990
20894
26718
21598
11358
15454
27230
14942
12638
14686
9566
13662
13150
12126
16606
17630
15582
21214
23262
23006
11326
16958
10814
10558
17726
9022
14142
12478
14014
20158
10686
19902
9150
13246
10174
16318
16510
10366
14974
9854
32382
13182
29566
30590
24830
29438
9982
22270
14078
16894
30721
19457
11777
9473
29953
23297
9985
16513
33921
17025
29313
11905
8577
10625
22913
15745
11329
9793
28225
9025
11073
31553
14145
20289
8385
14529
19137
27329
14017
11969
16065
25025
14785
9665
9249
19489
14881
11041
31521
33953
15521
10913
11937
16033
8609
22945
9633
33697
17505
11361
29281
13921
12641
14177
16609
21729
13537
8673
9697
19937
13281
10209
10257
10513
15633
17169
14097
20241
20625
17553
29841
14993
24209
9105
29585
32657
14417
15441
31825
14929
12625
34129
9041
23377
10065
32593
13521
8913
10961
14033
20177
9169
12241
16337
13361
33329
16945
23089
25905
23857
9009
27441
14129
16561
18609
29873
14001
27057
9137
15281
10353
13425
10865
14961
31089
10097
12145
28529
24433
10481
25841
21745
11505
34545
14065
12785
18929
10737
31217
15857
11249
9225
13321
16905
23049
31241
15881
18697
23817
21257
19593
11401
15497
11145
26505
18505
19017
17993
15945
17737
9545
27977
18249
24393
16201
16585
14537
30921
21705
13001
30409
11977
9673
9161
28617
32809
13353
23081
11817
9513
15657
14761
15785
32681
31849
14953
33129
29033
26473
14185
25833
14057
12009
11753
31721
10217
19481
34329
11801
22809
9497
16537
17561
25241
19097
9881
30105
21401
12377
22617
10841
30297
15961
14681
31065
19289
16217
8409
12505
15577
10969
10713
30169
34777
12249
26681
22585
14393
10809
9785
11833
20793
15673
27449
20281
32569
12473
17593
17081
12985
8633
25017
12729
10681
19897
13241
15289
34745
10169
28793
18553
26745
29817
9849
14713
18297
24441
31481
32505
10745
24837
10501
17669
9477
11525
15621
21253
22277
14085
10373
13445
17029
9861
10629
18309
30597
25157
10821
17733
9541
9029
19269
20293
32965
8389
12485
22725
17093
25285
14021
15301
12229
16325
25637
25125
23077
11813
15909
10533
9509
26405
14117
17573
25253
21157
19109
10917
18085
22181
16037
12709
9125
15269
21605
15461
15973
12645
21861
19813
11621
19301
34021
15589
25317
10981
23269
14053
28389
8677
10725
13285
12261
10261
9237
13333
29717
22037
15637
17173
15509
34453
8597
34197
27733
19029
15957
20821
14677
33621
17237
22357
14165
8405
20693
26837
13525
18133
11989
10197
34869
29749
16949
15925
24885
15669
11061
18613
30901
15541
31925
11957
8629
10677
9653
15285
33397
24181
26997
25973
18293
20341
18677
31989
24309
29173
18933
10741
14837
15861
28661
9229
16909
11789
9485
27917
32013
14093
32909
18573
21645
11405
15501
33421
25229
21133
9869
11917
8589
15757
11149
31629
18509
14413
15437
10829
17997
26189
28237
15949
15693
23373
12109
12493
27853
8909
27341
18125
16077
10701
9677
21965
29229
9773
26157
11821
32045
11053
16557
12973
33197
12717
14765
15789
28781
18541
10349
10861
14957
28269
24173
25965
34669
14189
21741
19181
12781
11757
32237
13293
11245
33821
13341
27677
9501
23837
27421
16157
30877
32413
9629
9117
30813
11357
27229
14941
34397
12637
11613
17245
19293
12125
24413
16605
13533
19421
33853
13373
11325
24893
9021
14141
24765
15549
17085
14013
20925
17853
19901
17341
9149
13245
10173
16509
24701
13437
23677
14973
11901
27005
14717
29565
10109
12157
24829
10493
11517
29437
9981
24317
18941
14845
15869
29693
24573
32771
24579
23555
31747
18947
23043
17923
13571
26371
23683
8579
14723
33859
13379
9539
12099
16195
18627
18115
30403
20163
16067
8643
20931
22979
19907
9155
13251
10179
28611
32803
14371
13347
27683
12835
18979
31267
15651
11043
22691
31651
14947
9571
23907
10083
24419
16227
8419
29411
18147
26339
31715
26643
16915
32275
11411
21139
9875
13971
10643
14739
17811
15763
9107
11155
12371
18515
29779
10835
18003
26195
30291
12627
14675
31059
9555
11603
21331
27475
8403
12499
27347
8659
18899
10707
9683
30163
14899
9779
30259
20787
30003
32051
9011
19251
32563
20659
14515
33459
12979
31411
14003
8627
12723
10675
14771
17843
30131
15795
34739
22451
16307
13427
29811
13939
28275
10099
14195
12147
8435
10483
11507
20211
12019
32499
8691
11763
13323
19467
12811
18955
17931
10507
17675
11531
15627
9995
26379
14091
20235
16523
26763
17547
13451
17035
10891
13963
10635
32651
14411
11339
31819
19019
14923
28491
32971
8395
8907
10955
20171
28363
18891
22987
13259
12235
16331
10283
14379
31787
25131
12843
25899
13611
23851
18219
14123
16555
22699
14507
17579
25771
19115
10923
18091
16043
9131
15275
31659
22443
10347
17515
11371
15467
21099
10859
13675
11627
13163
16619
8939
25323
10987
8683
12779
10731
31211
11243
12267
10267
22555
18971
22043
11803
15899
17179
10011
11419
34459
8603
20891
12699
9627
33691
18331
16475
18523
14427
33883
11355
21851
13659
21339
13147
10075
14171
16603
20699
26843
21723
15579
8923
18139
22235
11995
9691
10203
30683
21563
29755
11323
27707
16955
10811
28219
13627
11067
16571
12475
28859
18619
14523
19643
10939
27323
11963
14779
9659
21435
16507
33915
11387
10875
9851
16635
9979
12795
11771
25595
11259
23547
28667
19463
11783
21767
13575
27911
15623
25351
9991
32903
16519
17543
21639
11399
29319
13959
8583
22919
11143
31623
18503
11335
17991
9799
13639
15687
11079
14151
12103
25799
27847
10951
18119
22215
8647
18887
10695
9671
21959
13255
10183
12231
9255
14887
28199
11047
31527
14503
33959
21671
15527
33191
8615
20903
29095
14759
9639
21927
15783
15271
32871
28775
11367
13671
13159
31591
14183
16615
8423
27879
19175
12007
10727
17895
19943
11751
21479
16359
22551
33815
18967
10519
33559
14103
20247
24727
20631
30871
11415
13975
32407
24983
9111
29591
26711
14423
30807
15447
34391
18007
12631
34135
9559
23383
8919
21207
20183
22999
9175
10199
13367
33335
14903
10551
13623
9015
16567
24759
14519
29879
14007
11959
17847
9143
13239
10167
24695
10359
13431
10871
11895
32375
14711
13175
10103
12151
10487
21751
11511
20215
16887
12791
29687
11255
10255
22543
13327
15887
16655
17679
21775
13583
21263
9999
19599
10639
34191
25487
26511
12367
11343
19023
9551
27983
21327
22351
14159
24399
16591
8399
30927
21711
31951
22223
11983
27087
12847
9775
13615
34607
18607
31919
12975
9647
28591
11375
33391
22127
33135
29039
34159
23407
18287
16623
31983
9967
8687
29167
10223
24607
14367
25631
13343
12831
34335
11807
15903
24863
20767
14111
16543
17567
25247
21151
10911
23199
9887
20895
12703
10655
21407
21599
15455
10847
14943
26207
14687
21855
13663
13151
16223
8415
12511
17631
15583
8927
10975
23263
8671
21471
34783
12255
16351
26687
22591
14399
25663
10815
14911
17727
15679
16191
8383
12479
18623
17599
20159
8639
12735
10687
9151
16319
10367
26751
10879
9855
10623
30591
18687
17663
31487
22271
14079
20223
8703
12799
11263
