13312
29696
15360
18944
23040
14848
17920
15872
22784
15104
26368
30464
24320
24704
20608
27776
17024
25216
20096
11904
33152
27008
34176
23424
22400
16256
19008
20032
15936
24896
28992
21824
33600
34624
22336
24768
9408
23744
15552
29376
23232
30400
16832
22976
32192
29632
28608
32800
34848
33824
23584
21024
28192
18208
12448
18592
22688
30880
21664
13472
19616
31904
16032
32416
23968
15776
25504
31648
12192
32864
34912
30816
17504
25696
23648
33376
34400
8544
18784
28000
17248
31584
30944
13536
29920
27872
31968
25056
29152
27104
21984
24032
25568
27616
31712
18400
32736
22800
9488
27920
33552
17168
18192
32912
21648
8848
24976
29072
28048
23952
27536
31632
18320
26704
25680
30288
24912
12624
31056
32080
9040
19280
20304
24784
10448
34000
27856
15568
33488
31440
34512
14032
16848
21968
30160
17360
15312
24528
24624
21552
23600
16944
21040
10800
27184
34352
22064
20016
20784
26928
21808
9008
23344
30512
32560
12464
23728
21168
29360
23216
15024
14000
32432
33200
26032
11184
34736
28784
30832
29808
27248
14960
26224
15984
32368
12656
18800
22896
17264
9072
30576
32624
17648
19184
32496
34288
24048
33776
25584
13296
19440
27632
34800
34824
33800
33288
16904
29192
27144
24840
22280
30856
25736
31880
23176
14984
32392
25992
9096
21384
30600
32648
30792
23624
31816
33352
12872
27208
34376
26952
17736
11592
21320
15176
26440
29896
31944
17096
13000
24264
29128
26056
28104
24008
27592
16424
17448
25640
34088
9512
25896
23848
33576
34600
20264
24744
27304
30376
16808
25000
27048
31144
19880
32168
29608
22440
28584
24488
26728
21608
12904
22120
34152
19304
12136
10472
14568
23784
21224
23272
16104
18920
23016
31208
15848
29672
15336
24600
9240
15384
10776
27160
9752
11800
20760
11544
15640
25368
30488
28824
15512
12952
29336
26264
11928
33176
16792
18840
34200
33688
23448
14232
28760
16984
8792
29272
22104
15960
34648
22360
28888
22744
9432
25816
15064
17880
32216
29656
26584
17464
25656
11832
28216
18744
22840
27960
21304
26424
33976
21688
31928
25272
19128
27320
16056
29112
21944
19896
23992
25528
15288
32888
18552
33912
21624
19576
33400
8824
24184
16760
8568
17784
25976
28024
19320
31608
18296
26872
30968
19704
27896
31992
27384
29176
10744
27128
9720
30200
21496
23544
16376
10756
30212
14596
34052
21764
27908
15620
21252
27396
28420
32900
18564
33924
21636
8836
28292
16772
30084
19844
28036
23940
31620
18308
16452
8772
23108
31300
30276
11844
28228
18756
22852
31044
25924
30020
32068
9028
19268
20292
28484
20676
26820
33988
27844
33476
27332
31428
34500
22212
14020
28356
25028
31172
21956
30148
15300
28708
18468
19492
31780
29220
10788
9764
26148
32292
17700
13604
15140
30500
32548
28836
12964
20132
33188
17828
33700
17316
15268
34724
14244
28772
29796
8804
21092
19044
15972
12644
17764
27492
23396
28900
19172
15076
24292
32484
33252
10724
34276
22500
32788
34836
33812
23572
33300
25108
21012
23316
15124
30868
25748
32404
32660
34900
30804
33876
23636
31828
34388
26964
22868
17748
26452
17620
13012
19156
25044
20948
28116
27604
31700
18388
30676
16436
19508
27700
23092
31284
17972
24116
15924
33076
34100
9524
25908
23860
15668
33588
29492
24756
28852
31156
17332
24692
27764
12916
20084
11892
20852
21876
29556
25844
23796
15604
29428
18164
26356
14068
23028
31220
29684
15348
28684
26636
22540
27660
23052
9740
32268
28940
12940
27276
20108
11916
34188
33676
23436
34700
12172
24460
29772
19532
27724
15436
8524
20812
21836
29516
23372
34636
22348
28876
9420
23244
15052
30412
32460
17868
32204
21452
29644
28620
32812
30764
30252
11820
31020
29996
9388
13484
31916
33452
31404
34476
25516
19372
18348
12204
16492
18540
33900
33388
8556
18284
20332
24812
26860
30956
21740
13548
29932
31980
22252
20204
16876
29164
27116
13804
23532
31724
18412
30700
24556
32748
12316
17436
25628
23068
33052
18716
34076
23836
28444
26780
27804
22428
21596
12892
14940
30300
31068
32092
9052
25436
18268
20316
12124
28508
32988
10460
33500
29404
23260
31452
34524
14044
28380
16092
31196
30172
21468
24540
16348
18492
31804
25148
27196
22076
20796
17724
11580
27452
15164
14140
32572
10428
25788
15036
31676
34748
12220
29820
21116
14972
9084
30588
24444
13564
22268
32508
33276
25084
34300
24060
31740
18428
22524
31234
33026
25858
23810
33538
19202
31490
34562
18178
20226
26754
22146
30338
24962
20866
29058
31106
21890
11650
32130
13186
28546
26690
22594
14914
24130
33090
10562
34114
9538
23874
25410
12098
32962
18626
17602
18114
27074
15810
23490
24514
33314
16930
25122
34338
13858
20002
16674
10530
26914
21794
19746
23330
25762
29858
17058
15010
13986
24226
26018
13730
11682
21410
11170
26530
20386
32674
20578
10338
31842
32354
26978
9570
26466
16226
32610
25314
26082
28130
33762
34786
20498
18450
30738
14866
22034
30226
19986
28178
30994
17682
21778
13586
29970
19730
27410
31506
12050
16146
22674
33938
19602
31378
34450
18066
20882
10642
14738
30098
26514
32850
16466
22610
17490
23122
31314
18770
13650
30034
27986
17234
11090
31570
24402
8402
20690
26834
30930
21714
11474
22226
8658
19922
11730
19410
22482
32722
9266
29746
32306
24882
28978
14642
25394
13106
19634
15538
26290
8626
22962
17842
33714
21426
14258
9330
17010
29298
19058
13938
33138
29042
26994
33650
11122
27506
15218
8434
28914
30450
24306
8690
14834
17906
26098
26610
28658
14346
19466
11274
8714
12810
34314
26122
24074
12554
32522
28810
29834
21130
29322
10890
26250
12682
18826
22922
17802
13706
17290
15242
24650
10314
14410
16970
26186
13898
32330
14666
27466
32586
13514
8906
26314
12746
34250
33738
13258
34762
10186
26570
14282
20426
10282
15402
14890
18730
22826
32042
17194
21290
19242
31530
12074
28458
16554
20650
26794
33962
9898
28330
20906
10666
30122
22634
13418
10858
30314
28266
24170
24938
31082
25962
13674
30058
32106
25450
13162
28522
12522
18666
19690
33514
8938
27370
31466
34538
12778
30186
19946
21482
11242
16362
22554
27674
31258
15898
28954
25882
13082
29466
34586
10010
20634
11418
22170
30362
12698
27034
22938
31130
32154
13210
29594
28570
24666
9306
13402
11354
18010
20058
33114
29018
34138
21850
23898
15706
29530
16602
23770
9946
26330
30426
20186
14810
20442
32826
20538
33850
11322
33338
12858
13626
31546
13498
29882
11450
10938
24250
20922
28090
18362
30650
32698
16506
12410
22650
25722
11386
23674
31866
23162
26490
16634
24826
29946
9978
12026
20986
19962
28154
30714
24570
32762
24582
21510
23558
20998
28166
16646
26886
30982
32006
13062
12038
16134
12422
17542
19590
11398
23686
33414
31366
34438
18054
24198
25478
26502
20358
32838
34886
33862
9286
17990
13638
27974
24390
30918
21702
11462
10950
8646
20934
25542
19398
22470
30662
32710
26662
22566
29734
27686
18982
24102
25382
13094
29478
10022
11430
34214
23462
12390
9318
20070
33126
20838
29030
33638
11110
15206
34662
22374
8422
22758
25830
30438
12006
14822
17894
32230
26598
14310
28646
14358
19478
31766
12822
29206
34326
26134
13846
24854
12566
26902
22294
23702
21142
10902
23190
13974
24214
13718
11670
17302
21398
15254
30614
20374
20566
10326
25174
27222
26198
13910
32342
9558
30550
16214
17110
25302
33238
18902
34262
26070
33750
13270
34774
14294
10294
26678
22582
10550
32054
17206
20278
12086
28470
24374
32950
14518
17590
27830
22198
20150
28342
25014
13238
10166
22454
24502
26742
28278
24950
13686
19830
23926
15734
25462
13174
33014
14582
34038
33526
8950
21238
10998
23286
31478
28406
20470
12278
17422
25614
29710
18958
17934
33038
29454
34574
9998
26382
24334
16526
24718
20622
27790
19086
30350
31118
21902
32142
29582
28558
12366
21582
13390
11342
10574
34126
33614
32974
18638
19662
21198
29390
20174
22990
14798
23502
20526
34862
14382
33838
33326
25134
12846
13870
19758
27438
16174
18606
22702
30894
29870
17070
24238
11694
27566
31662
30638
14446
11374
23662
31342
34414
14702
9582
21358
24430
16238
16622
20718
25326
9966
25070
20974
11294
14878
17950
22046
30238
14622
31006
29982
27934
32030
21278
31518
26398
24350
32926
14494
33950
33438
31390
34462
28318
29086
10654
14750
21918
28062
27550
14430
19550
23134
31326
28254
24158
16734
25950
21342
20702
18654
26846
34014
8926
8670
12766
19934
11742
17374
24638
12350
28734
29758
21054
29246
26174
14654
19774
23358
18238
30526
16190
16574
22718
21182
26302
32446
33214
18878
34238
26558
20414
15486
29310
19070
10878
27262
26238
13950
10622
22910
33662
11134
27518
34686
8446
12542
28926
17662
25342
8702
12798
32254
19454
11262
27646
26622
28670
34817
18433
14337
33793
31745
16897
25089
22017
28161
13569
30849
25729
19585
31873
23169
32385
18817
17793
9601
25985
17281
21377
26497
32641
32833
20545
23617
33345
16961
25153
34369
13889
26945
27969
21313
10049
26433
21697
13505
29889
25281
24257
29121
26049
27585
31681
32705
12321
10273
15393
31265
33057
25889
15649
33569
17185
19233
34593
20257
24737
27809
27297
22177
30369
16801
24993
27041
31137
32161
29601
28577
26721
22113
20065
33121
24929
29025
34145
23905
15713
10081
32993
14561
23777
21217
29409
26337
30433
23009
20449
28689
26641
8721
34321
26129
11793
32273
8977
25361
30481
32529
28817
17041
29329
26257
33169
18833
17809
17297
34705
24465
24657
28753
29777
16977
29265
32337
20817
29009
14673
15697
15185
25809
23761
32465
10705
26065
33745
34769
17457
25649
8753
14897
30257
28209
12593
31025
30001
27953
17201
20657
33969
21681
33457
10929
27313
31409
34481
16049
29105
10673
21937
30129
19889
23985
16305
32881
26737
22641
17521
19569
23153
18033
24945
30065
28017
19313
31601
18673
14577
19697
27889
33521
17137
21233
27377
31473
20209
9713
13809
30193
21489
16369
14857
22793
34057
19721
33545
17161
34569
14089
20233
28425
10377
26761
14473
25225
30345
28297
24969
29065
14729
31113
32137
13193
28553
26697
22601
17481
25673
14921
12617
34121
23881
25417
28489
24777
28361
31177
13769
19913
11721
24521
16329
24617
18473
21545
31785
33321
27177
34345
24873
20777
26921
13609
9001
14121
12457
18601
10409
29865
19625
23721
21161
29353
23209
24233
32425
18857
26025
13737
11177
26537
10345
30825
15465
17001
21097
26217
32361
10601
26985
30569
32617
17641
33257
24041
33769
25577
34793
22505
30745
16921
14873
28185
16665
8473
27417
31513
12057
16153
22681
33945
9369
21657
31897
20889
9625
25497
19353
11161
16281
32857
16473
18521
33881
17497
25689
33369
22873
13657
27993
13145
31577
14169
30937
21721
29913
31961
22233
20953
29145
27097
9689
21977
19929
24025
17369
25561
19417
30681
32729
21561
27705
8505
28985
21817
13113
29497
34617
28857
19641
23737
29369
23225
26297
30393
14777
9657
15801
32185
17337
21433
29625
28601
20601
9337
17017
29305
27257
26233
22137
33145
12665
29049
22905
34169
23417
15225
22393
14201
28921
17657
19193
15097
30457
11769
13305
27641
28677
26629
22533
25605
13829
11781
32261
8453
18693
30469
21125
29317
13957
33157
33669
11141
34693
16261
28741
18501
21573
29765
27717
29253
26181
20037
8517
20805
28997
15685
29509
28869
25797
19653
21189
32453
18885
10693
14789
34245
9669
21445
26565
30757
8741
30245
28197
31013
29989
27941
32037
21285
28453
26789
14501
9381
21669
33445
31397
34469
28325
29093
14757
21925
23973
15781
19365
27557
18341
16293
32869
16485
18533
33893
19557
23141
28261
24165
14693
25957
28005
31589
18277
14181
20325
26853
21733
27877
22245
20965
9701
11749
30693
24549
25621
18965
17941
33045
22805
34069
33557
21269
29461
19221
26389
20245
28437
24341
24725
26773
14485
27797
19093
27285
24981
22421
26709
21589
19541
14933
24917
10581
25429
28501
32981
24789
14549
21205
29397
28373
22997
31189
21461
23509
16341
12341
18485
33845
23605
31797
25141
34357
13877
26933
19765
18229
14133
10421
25781
18869
26037
11701
31669
18357
30645
12213
14453
30837
23669
15477
21109
32373
18805
10613
14709
9589
17269
21365
32629
24821
20725
13557
22261
33269
16885
25077
20981
22005
33781
31733
34805
22517
24565
32781
10253
23565
31757
25101
21005
16653
26893
30989
9357
23693
31885
31373
34445
18061
24205
9613
25997
19341
20557
34893
33869
33357
18765
22861
21325
13133
10061
14157
20685
29901
31949
20941
29133
24013
31693
30669
29741
19501
27693
31277
24109
33069
8493
15661
29485
34605
10029
30381
20141
27053
17837
9645
32173
29613
23469
14253
28589
24685
22125
34157
23917
33645
29549
22381
29421
15085
18157
26349
26605
14317
20461
28653
24605
28701
26653
14365
31773
25117
12829
29213
27165
24093
32285
20765
12573
8989
15133
22301
14109
32541
10397
23709
21149
29341
10909
23197
26269
17821
34717
29789
15453
26205
13917
17757
27485
23389
15197
30557
17117
25309
19165
32477
33245
10717
34269
14301
16445
25661
8765
31293
17981
30269
12605
31037
9533
30013
32061
19261
28477
32957
20669
33469
31421
34493
20157
28349
31165
13757
30141
19389
22461
16317
10365
17533
18045
28285
30077
19837
23933
25469
33021
34045
21757
15613
17149
8957
23293
18173
14077
28413
16125
20477
33283
34307
26115
24067
20739
10499
11523
25347
32515
28803
13443
29827
10115
12163
24451
14403
15427
31811
21059
12867
22083
32323
19779
27459
30531
32579
22723
8899
15043
33219
12739
17859
28099
33731
34755
14275
12227
23075
17955
18723
22819
34083
26403
24355
32931
16547
20643
17571
25251
19107
18083
9891
30115
9123
13219
10147
22435
22627
13411
10851
18019
30307
31075
30051
19811
11619
32099
25443
28515
24803
12515
34019
19683
11491
33507
10979
27363
31459
34531
14051
20195
28387
16867
31203
13795
30179
11235
23523
12259
12307
29715
27667
23059
31251
15891
28947
18707
25875
23827
11027
22163
20115
8595
12691
27027
22931
33683
27731
20051
33107
33619
29523
18259
12115
16595
28883
23251
15059
18131
9939
26323
30419
11987
16083
17875
15827
10195
20435
28627
32819
34867
30771
11315
16691
22835
11571
11059
31539
30899
11955
20915
28083
27571
32691
16499
33907
25715
31859
31347
34419
26483
20339
26867
9459
29939
13043
19955
28147
23539
18419
10227
30707
32755
16395
20491
30731
30219
19979
14603
29963
32011
27403
23307
31499
18571
22667
33931
33419
9867
16011
20875
30091
19851
15755
25483
10827
23115
31307
9803
30283
11851
28235
24139
16715
31051
25931
30027
32075
11083
31563
12491
26827
17611
33483
19147
27339
31435
34507
25035
27083
30155
25547
11211
18379
28715
9259
16939
29227
9771
26155
15915
32299
28971
17707
15147
22315
32555
28843
15531
8875
12971
15019
26283
13995
8619
12715
22955
34219
33707
17323
21419
34731
20395
20587
29803
27755
25195
29291
19051
9835
13931
11883
21867
27499
23403
34667
28907
22763
15595
24299
32491
34283
26091
32235
32795
20507
18459
21531
13339
33307
19995
24859
10523
17691
21787
13595
19739
23323
25755
29851
15003
24219
26011
26523
30619
32667
34907
31835
21083
19035
27227
26459
24411
32603
17627
13019
24283
25051
28123
9179
31707
18395
22491
13371
19515
23099
33083
34107
25915
23867
25403
26811
18107
9915
27067
22971
9147
23483
27771
12923
30331
31099
21883
11643
32123
29563
28539
25851
23803
29435
34555
26363
31227
17915
17403
9211
12295
17415
9223
13319
29703
15367
31239
15879
25863
23815
29447
19207
11015
24711
20615
15495
19079
27015
34183
29575
27527
23431
22407
14215
12359
13383
19015
15943
33095
24903
21831
33607
17223
23367
34631
18247
22343
16583
14535
15559
9927
11975
16839
32199
17351
29639
20519
34855
33831
11303
23591
21031
22055
27431
18215
16167
30887
25767
31911
28071
25511
30631
32679
14439
25703
23655
31847
33383
27239
31335
34407
18791
22887
17255
21351
26471
24423
20711
30951
31975
13031
29159
27111
21991
28135
19431
27623
10215
16407
14615
9495
27927
32023
18199
32919
16535
18583
17559
33431
8855
25239
9879
28311
16023
29079
21911
30103
28055
23959
15767
31639
18327
10135
22615
10839
28247
24151
16727
25943
30039
19799
19287
12503
18647
34007
19671
27863
15575
10967
27351
16855
13783
11223
15319
12247
24631
28727
14391
21047
29239
18999
10807
27191
26167
20023
32311
23351
22327
30519
16183
12471
22711
17079
8887
32439
33207
12727
34231
33719
29623
11191
26551
20407
28791
25207
9847
15991
34679
30583
16247
22775
25335
26103
32247
25591
19447
24591
34831
33807
21519
29199
27151
24079
24847
20751
10511
11535
22287
12431
30863
13455
29839
14991
32399
9103
21391
30607
20367
30799
23631
25167
21071
27215
34383
22095
26959
11599
27471
30543
16207
32591
22735
13519
17103
25295
24271
33231
9167
27599
26671
22575
13359
15407
33583
19247
26415
20271
24367
32943
24751
17583
27823
25263
19119
18095
22191
16815
25007
9135
13231
10159
24495
21615
13423
30319
16751
20847
31087
19823
11631
15727
32111
10095
12143
28527
33007
10479
34031
11503
10991
23279
34543
28399
16111
18927
23023
15855
17391
9199
29679
12271
9247
29727
28959
11551
25375
11039
30495
15519
11935
33183
8607
22943
34207
19871
23455
15263
24479
24671
12383
28767
27743
25183
29279
9823
11871
20831
33631
29535
34655
22367
22751
9439
25823
18143
11999
18911
15839
32223
13279
29663
26591
28639
34879
30783
9791
16703
11071
31551
24383
30911
33983
27839
31935
12991
19135
22207
16063
21951
23999
25535
29631
32895
22655
21631
33407
31359
34431
24191
16767
8575
28031
15743
19327
31615
20351
30975
9471
29951
27903
31999
13055
29183
27135
19967
10239
30719
16383
32767
